literature/acp-17-403-2017-supplement/falcon_1991-04-09_f1797a_track.nas
 37  1001
Robert Baumann                                                                  
INSTITUT F. PHYSIK D. ATMOSPHAERE, DLR, OBERPFAFFENHOFEN, 82234 WESSLING,GERMANY
FALCON 20E, D-CMET, STANDARD METEOROLOGICAL INSTRUMENTATION                     
CONTRAIL 2, flight #1797a                                                       
  1   1
1991 04 09  1991 04 09
0
time in seconds after midnight(Falcon data system time, UTC)                    
 8
  1.
  1.
  1.
  1.
  1.
  1.
  1.
  1.
 -999.
 -999.
 -999.
 -999.
 -999.
 -999.
 -999.
 -999.
FMC-LON   Longitude (Flight-Management Computer), deg                      
FMC-LAT   Latitude (Flight-Management Computer), deg                       
IRS-ALT   Altitude (Inertial Reference System), m                          
ADC-HP    Pressure altitude (Air-Data Computer), m                         
IRS-ATA   Actual track angle (Inertial Reference System), deg              
IRS-HDG   Heading (Inertial Reference System), deg                         
IRS-GS    Ground speed (Inertial Reference System), m/s                    
ADC-TAS   True air speed (Air-Data Computer), m                            
  0
  1
 TIME    FMC-LON  FMC-LAT IRS-ALT  ADC-HP IRS-ATA IRS-HDG  IRS-GS ADC-TAS
[from data line 1514]
 39000   10.9449  47.6996  8928.4  8901.0    79.7    76.5   173.3   164.6
 39001   10.9472  47.6998  8933.7  8906.4    79.7    76.5   173.4   164.6
 39002   10.9494  47.7001  8938.8  8911.7    79.7    76.6   173.4   164.6
 39003   10.9517  47.7004  8943.8  8916.8    79.7    76.6   173.6   164.6
 39004   10.9539  47.7007  8948.8  8922.0    79.7    76.6   173.6   164.6
 39005   10.9560  47.7010  8953.7  8927.0    79.7    76.6   173.7   164.7
 39006   10.9585  47.7012  8958.6  8932.0    79.7    76.6   173.8   164.7
 39007   10.9607  47.7015  8963.4  8936.9    79.7    76.6   173.8   164.7
 39008   10.9630  47.7018  8968.2  8941.6    79.7    76.7   173.9   164.8
 39009   10.9653  47.7021  8973.0  8946.4    79.8    76.7   174.0   164.8
 39010   10.9676  47.7024  8977.7  8951.2    79.8    76.6   174.1   164.8
 39011   10.9698  47.7027  8982.4  8955.9    79.8    76.6   174.2   164.9
 39012   10.9721  47.7029  8987.0  8960.4    79.8    76.6   174.3   165.0
 39013   10.9744  47.7032  8991.5  8964.8    79.8    76.7   174.4   165.0
 39014   10.9767  47.7035  8996.0  8969.3    79.8    76.7   174.5   165.1
 39015   10.9788  47.7037  9000.6  8973.8    79.8    76.7   174.6   165.1
 39016   10.9812  47.7040  9005.1  8978.2    79.8    76.7   174.7   165.2
 39017   10.9835  47.7043  9009.7  8982.7    79.8    76.7   174.8   165.3
 39018   10.9858  47.7046  9014.2  8987.2    79.9    76.7   174.9   165.4
 39019   10.9880  47.7049  9018.8  8991.7    79.9    76.7   175.0   165.5
 39020   10.9903  47.7052  9023.5  8996.4    79.9    76.7   175.1   165.5
 39021   10.9926  47.7054  9028.2  9001.1    79.9    76.7   175.2   165.6
 39022   10.9949  47.7057  9033.0  9005.8    79.9    76.7   175.2   165.7
 39023   10.9971  47.7060  9037.9  9010.5    79.9    76.8   175.3   165.7
 39024   10.9994  47.7063  9042.8  9015.3    79.9    76.8   175.4   165.8
 39025   11.0015  47.7065  9047.7  9019.9    80.0    76.8   175.4   165.8
 39026   11.0040  47.7068  9052.7  9025.0    80.0    76.8   175.5   165.8
 39027   11.0063  47.7071  9057.8  9030.2    80.0    76.8   175.5   165.8
 39028   11.0086  47.7073  9062.8  9035.2    80.0    76.9   175.6   165.9
 39029   11.0109  47.7076  9067.9  9040.3    80.0    76.9   175.7   165.9
 39030   11.0132  47.7079  9073.0  9045.5    80.1    76.9   175.7   166.0
 39031   11.0154  47.7082  9078.1  9050.7    80.1    76.9   175.8   166.0
 39032   11.0177  47.7085  9083.3  9055.9    80.1    77.0   175.8   166.0
 39033   11.0200  47.7087  9088.4  9061.2    80.1    77.0   175.9   166.0
 39034   11.0223  47.7090  9093.5  9066.5    80.2    77.0   175.9   166.0
 39035   11.0244  47.7093  9098.7  9071.7    80.2    77.0   175.9   166.4
 39036   11.0269  47.7096  9103.9  9077.0    80.2    76.9   176.0   166.6
 39037   11.0292  47.7098  9109.3  9082.2    80.2    76.9   176.1   166.7
 39038   11.0315  47.7101  9114.8  9087.3    80.3    77.0   176.1   166.7
 39039   11.0338  47.7104  9120.5  9092.6    80.3    77.0   176.1   166.8
 39040   11.0361  47.7106  9126.4  9098.4    80.3    77.1   176.1   166.8
 39041   11.0384  47.7109  9132.5  9104.3    80.4    77.1   176.1   166.8
 39042   11.0407  47.7112  9138.6  9110.7    80.4    77.1   176.1   166.8
 39043   11.0430  47.7114  9144.8  9117.0    80.4    77.1   175.9   166.9
 39044   11.0453  47.7117  9151.1  9123.4    80.5    77.1   175.9   166.9
 39045   11.0474  47.7120  9157.5  9129.8    80.5    77.1   175.9   167.0
 39046   11.0498  47.7123  9164.0  9136.3    80.5    77.0   175.9   167.1
 39047   11.0521  47.7125  9170.5  9142.9    80.6    77.0   175.8   167.2
 39048   11.0544  47.7128  9177.2  9149.5    80.6    77.1   175.8   167.1
 39049   11.0567  47.7130  9183.9  9156.3    80.6    77.2   175.7   166.9
 39050   11.0590  47.7133  9190.6  9163.1    80.7    77.2   175.7   166.8
 39051   11.0613  47.7135  9197.3  9169.9    80.7    77.2   175.7   166.7
 39052   11.0636  47.7138  9203.9  9176.8    80.8    77.2   175.7   166.7
 39053   11.0659  47.7140  9210.4  9183.7    80.8    77.1   175.6   166.8
 39054   11.0682  47.7143  9216.8  9190.3    80.8    77.0   175.6   166.8
 39055   11.0703  47.7145  9223.1  9196.8    80.7    76.9   175.6   166.7
 39056   11.0727  47.7148  9229.3  9202.9    80.7    76.9   175.6   166.7
 39057   11.0750  47.7151  9235.3  9209.1    80.7    76.8   175.6   166.7
 39058   11.0773  47.7154  9241.2  9215.1    80.7    76.8   175.6   166.8
 39059   11.0796  47.7156  9246.9  9220.9    80.7    76.8   175.6   166.8
 39060   11.0819  47.7159  9252.6  9226.6    80.7    76.9   175.6   167.0
 39061   11.0842  47.7161  9258.1  9231.9    80.7    76.9   175.7   167.1
 39062   11.0865  47.7164  9263.5  9237.1    80.7    77.0   175.7   167.1
 39063   11.0887  47.7167  9268.8  9242.4    80.7    76.9   175.7   167.2
 39064   11.0910  47.7169  9274.0  9247.5    80.6    76.9   175.7   167.2
 39065   11.0931  47.7172  9279.2  9252.6    80.6    76.9   175.8   167.3
 39066   11.0956  47.7174  9284.3  9257.4    80.6    77.0   175.8   167.4
 39067   11.0979  47.7177  9289.4  9262.4    80.6    76.9   175.8   167.5
 39068   11.1002  47.7179  9294.5  9267.3    80.6    77.0   175.9   167.7
 39069   11.1025  47.7182  9299.5  9272.2    80.6    77.1   175.9   167.7
 39070   11.1048  47.7184  9304.5  9276.8    80.6    77.3   175.9   167.8
 39071   11.1071  47.7187  9309.6  9281.6    80.6    77.3   175.9   167.8
 39072   11.1094  47.7190  9314.6  9286.3    80.6    77.1   176.0   167.8
 39073   11.1116  47.7193  9319.6  9291.5    80.6    77.1   176.1   167.8
 39074   11.1139  47.7195  9324.6  9296.7    80.6    77.3   176.1   167.9
 39075   11.1160  47.7197  9329.5  9301.8    80.5    77.5   176.1   168.0
 39076   11.1185  47.7201  9334.4  9306.3    80.6    77.5   176.1   168.0
 39077   11.1208  47.7203  9339.3  9310.9    80.5    77.4   176.2   168.0
 39078   11.1231  47.7206  9344.1  9315.9    80.5    77.3   176.2   168.1
 39079   11.1254  47.7209  9348.9  9320.8    80.5    77.3   176.2   168.1
 39080   11.1276  47.7211  9353.7  9325.6    80.5    77.2   176.3   168.1
 39081   11.1299  47.7214  9358.4  9330.1    80.4    77.2   176.3   168.3
 39082   11.1322  47.7216  9363.0  9334.8    80.4    77.2   176.3   168.5
 39083   11.1345  47.7219  9367.7  9339.4    80.4    77.2   176.4   168.5
 39084   11.1368  47.7222  9372.4  9343.8    80.4    77.1   176.5   168.7
 39085   11.1389  47.7224  9377.2  9348.5    80.4    77.1   176.5   168.8
 39086   11.1414  47.7227  9382.0  9353.2    80.4    77.1   176.5   169.0
 39087   11.1437  47.7230  9386.9  9358.0    80.4    77.0   176.5   169.2
 39088   11.1460  47.7232  9391.9  9362.8    80.4    77.0   176.5   169.4
 39089   11.1483  47.7235  9397.1  9367.6    80.4    77.1   176.5   169.5
 39090   11.1505  47.7238  9402.6  9372.7    80.4    77.2   176.5   169.4
 39091   11.1528  47.7241  9408.1  9377.8    80.4    77.2   176.3   169.2
 39092   11.1551  47.7243  9413.7  9383.6    80.4    77.2   176.3   169.2
 39093   11.1574  47.7246  9419.3  9389.8    80.4    77.2   176.3   169.2
 39094   11.1597  47.7249  9424.6  9395.9    80.4    77.2   176.3   169.1
 39095   11.1618  47.7251  9429.7  9401.8    80.4    77.2   176.4   169.1
 39096   11.1643  47.7254  9434.3  9407.2    80.4    77.2   176.5   169.1
 39097   11.1666  47.7257  9438.4  9412.1    80.4    77.2   176.6   169.2
 39098   11.1688  47.7259  9442.0  9416.3    80.4    77.2   176.8   169.5
 39099   11.1711  47.7262  9445.0  9419.8    80.4    77.2   177.0   169.8
 39100   11.1735  47.7265  9447.5  9422.4    80.4    77.2   177.2   170.1
 39101   11.1758  47.7268  9449.4  9424.6    80.4    77.2   177.5   170.4
 39102   11.1781  47.7270  9450.9  9426.0    80.4    77.2   177.7   170.7
 39103   11.1804  47.7273  9452.0  9426.7    80.4    77.3   178.0   171.2
 39104   11.1827  47.7276  9452.7  9427.1    80.4    77.3   178.4   171.4
 39105   11.1848  47.7279  9453.1  9427.0    80.4    77.3   178.7   171.8
 39106   11.1873  47.7281  9453.3  9426.4    80.4    77.3   179.0   172.2
 39107   11.1897  47.7284  9453.2  9425.8    80.4    77.3   179.4   172.5
 39108   11.1920  47.7287  9453.1  9425.1    80.4    77.3   179.7   172.9
 39109   11.1943  47.7290  9452.9  9424.2    80.4    77.3   180.0   173.3
 39110   11.1967  47.7293  9452.7  9423.3    80.4    77.3   180.3   173.6
 39111   11.1990  47.7296  9452.6  9422.5    80.4    77.3   180.6   173.9
 39112   11.2014  47.7298  9452.4  9421.9    80.4    77.3   181.0   174.1
 39113   11.2037  47.7301  9452.2  9421.7    80.4    77.3   181.3   174.4
 39114   11.2060  47.7304  9452.0  9421.2    80.4    77.3   181.6   174.7
 39115   11.2082  47.7306  9451.7  9420.7    80.4    77.3   181.9   175.0
 39116   11.2107  47.7309  9451.4  9420.2    80.4    77.3   182.2   175.3
 39117   11.2132  47.7312  9451.1  9419.9    80.4    77.4   182.5   175.6
 39118   11.2154  47.7315  9450.8  9419.3    80.4    77.4   182.8   175.9
 39119   11.2179  47.7317  9450.5  9418.8    80.4    77.4   183.1   176.1
 39120   11.2202  47.7320  9450.0  9418.4    80.4    77.4   183.5   176.4
 39121   11.2227  47.7323  9449.6  9417.9    80.4    77.4   183.8   176.6
 39122   11.2250  47.7326  9449.2  9417.6    80.4    77.5   184.1   176.9
 39123   11.2274  47.7329  9448.8  9417.2    80.4    77.5   184.4   177.1
 39124   11.2299  47.7332  9448.3  9416.5    80.4    77.5   184.7   177.3
 39125   11.2322  47.7334  9447.9  9416.1    80.4    77.5   185.0   177.6
 39126   11.2347  47.7337  9447.4  9415.7    80.4    77.5   185.3   177.8
 39127   11.2371  47.7340  9447.0  9415.1    80.4    77.6   185.6   178.0
 39128   11.2393  47.7343  9446.6  9414.6    80.5    77.6   186.0   178.3
 39129   11.2419  47.7345  9446.3  9414.4    80.5    77.6   186.2   178.5
 39130   11.2444  47.7348  9446.0  9413.9    80.5    77.5   186.5   178.8
 39131   11.2468  47.7351  9445.8  9413.7    80.5    77.6   186.8   179.0
 39132   11.2493  47.7354  9445.7  9413.7    80.5    77.6   187.1   179.3
 39133   11.2517  47.7357  9445.6  9413.7    80.5    77.6   187.4   179.6
 39134   11.2541  47.7360  9445.6  9413.7    80.5    77.6   187.7   179.8
 39135   11.2565  47.7362  9445.6  9413.7    80.6    77.6   187.9   180.0
 39136   11.2590  47.7365  9445.6  9413.7    80.6    77.6   188.2   180.3
 39137   11.2615  47.7368  9445.6  9413.7    80.6    77.6   188.5   180.6
 39138   11.2638  47.7371  9445.6  9414.3    80.6    77.7   188.8   180.8
 39139   11.2665  47.7374  9445.7  9414.6    80.6    77.7   189.0   181.2
 39140   11.2689  47.7377  9445.8  9414.7    80.6    77.7   189.3   181.5
 39141   11.2714  47.7380  9445.9  9414.9    80.7    77.7   189.6   181.8
 39142   11.2739  47.7382  9446.1  9415.3    80.7    77.8   189.8   182.1
 39143   11.2763  47.7385  9446.2  9415.6    80.7    77.8   190.1   182.4
 39144   11.2788  47.7388  9446.4  9415.8    80.7    77.8   190.4   182.7
 39145   11.2813  47.7391  9446.6  9416.1    80.8    77.7   190.6   182.9
 39146   11.2838  47.7393  9446.7  9416.2    80.8    77.8   190.9   183.1
 39147   11.2864  47.7396  9446.8  9416.2    80.8    77.9   191.2   183.4
 39148   11.2886  47.7399  9446.8  9416.2    80.8    77.9   191.4   183.7
 39149   11.2914  47.7402  9446.9  9416.2    80.8    77.9   191.7   183.9
 39150   11.2939  47.7404  9447.0  9416.2    80.9    77.9   192.0   184.1
 39151   11.2964  47.7407  9447.0  9416.5    80.9    77.9   192.2   184.3
 39152   11.2989  47.7410  9447.0  9416.5    80.9    78.0   192.5   184.6
 39153   11.3015  47.7413  9447.0  9416.5    81.0    78.0   192.8   184.9
 39154   11.3040  47.7416  9447.0  9416.5    81.0    78.0   193.0   185.2
 39155   11.3065  47.7418  9447.1  9416.4    81.0    78.0   193.3   185.5
 39156   11.3090  47.7421  9447.1  9416.2    81.0    78.0   193.6   185.8
 39157   11.3116  47.7424  9447.2  9416.4    81.1    78.1   193.8   186.1
 39158   11.3140  47.7426  9447.2  9416.8    81.1    78.1   194.1   186.4
 39159   11.3168  47.7429  9447.1  9417.1    81.1    78.1   194.3   186.7
 39160   11.3193  47.7432  9447.1  9416.8    81.1    78.1   194.6   187.0
 39161   11.3219  47.7435  9447.2  9416.4    81.1    78.0   194.8   187.2
 39162   11.3244  47.7437  9447.2  9416.2    81.1    78.0   195.1   187.5
 39163   11.3269  47.7440  9447.2  9416.4    81.0    77.9   195.3   187.8
 39164   11.3295  47.7443  9447.2  9416.5    81.0    77.9   195.5   188.0
 39165   11.3320  47.7446  9447.1  9416.5    81.0    78.0   195.8   188.3
 39166   11.3346  47.7448  9447.1  9416.5    81.0    78.0   196.0   188.4
 39167   11.3373  47.7451  9447.1  9416.5    81.0    78.0   196.3   188.7
 39168   11.3397  47.7454  9447.0  9416.2    81.0    77.9   196.5   188.9
 39169   11.3425  47.7457  9447.0  9416.4    81.0    77.8   196.7   189.1
 39170   11.3451  47.7460  9446.9  9416.3    80.9    77.9   196.8   189.3
 39171   11.3477  47.7463  9446.9  9415.9    80.9    77.9   197.0   189.4
 39172   11.3502  47.7465  9446.7  9415.9    80.9    77.9   197.2   189.5
 39173   11.3528  47.7468  9446.6  9415.9    80.9    77.9   197.3   189.8
 39174   11.3554  47.7471  9446.6  9415.8    81.0    77.9   197.4   189.9
 39175   11.3581  47.7474  9446.6  9415.6    81.0    77.9   197.5   189.9
 39176   11.3607  47.7476  9446.6  9415.6    80.9    77.9   197.5   189.9
 39177   11.3633  47.7479  9446.5  9415.6    80.9    77.9   197.6   189.8
 39178   11.3657  47.7482  9446.4  9415.6    80.9    77.9   197.6   189.9
 39179   11.3685  47.7485  9446.2  9415.6    80.9    77.9   197.6   189.9
 39180   11.3712  47.7488  9446.1  9415.3    80.9    77.9   197.7   189.9
 39181   11.3738  47.7490  9445.9  9414.7    80.9    78.0   197.7   189.9
 39182   11.3763  47.7493  9445.7  9414.6    80.9    78.0   197.7   189.9
 39183   11.3789  47.7496  9445.6  9414.6    81.0    78.0   197.7   190.1
 39184   11.3816  47.7499  9445.6  9414.6    81.0    78.0   197.7   190.1
 39185   11.3842  47.7502  9445.6  9414.6    81.0    78.1   197.8   190.1
 39186   11.3868  47.7505  9445.5  9414.6    81.0    78.1   197.8   190.1
 39187   11.3894  47.7507  9445.5  9414.9    81.0    78.1   197.8   190.0
 39188   11.3918  47.7510  9445.6  9414.9    81.0    78.1   197.8   190.1
 39189   11.3947  47.7513  9445.6  9414.9    81.0    78.1   197.9   190.1
 39190   11.3973  47.7516  9445.6  9414.7    81.0    78.1   197.9   190.1
 39191   11.3999  47.7519  9445.7  9414.9    81.0    78.1   197.9   190.0
 39192   11.4026  47.7522  9445.8  9415.6    80.9    78.2   197.9   189.9
 39193   11.4052  47.7524  9445.9  9415.6    80.9    78.2   197.9   189.8
 39194   11.4077  47.7527  9446.0  9415.9    80.9    78.2   197.9   189.8
 39195   11.4104  47.7530  9446.1  9415.9    80.9    78.1   198.0   189.8
 39196   11.4131  47.7533  9446.3  9416.1    80.9    78.1   198.0   189.9
 39197   11.4156  47.7536  9446.4  9416.2    80.9    78.1   198.0   189.9
 39198   11.4180  47.7538  9446.5  9416.4    80.9    78.1   198.0   189.9
 39199   11.4209  47.7542  9446.6  9416.5    80.8    78.0   198.0   190.0
 39200   11.4235  47.7544  9446.7  9416.8    80.8    78.0   198.0   190.0
 39201   11.4261  47.7547  9446.8  9417.1    80.8    78.0   198.0   190.0
 39202   11.4288  47.7550  9446.9  9417.1    80.7    78.0   198.0   190.0
 39203   11.4314  47.7553  9447.0  9417.3    80.7    78.0   198.1   190.0
 39204   11.4340  47.7556  9447.1  9417.4    80.7    77.9   198.1   190.0
 39205   11.4367  47.7559  9447.1  9417.2    80.7    78.0   198.1   190.0
 39206   11.4393  47.7562  9447.1  9417.1    80.7    77.9   198.1   190.0
 39207   11.4419  47.7564  9447.1  9417.3    80.7    77.9   198.1   190.1
 39208   11.4443  47.7567  9447.0  9417.3    80.7    77.9   198.1   190.1
 39209   11.4472  47.7570  9447.1  9417.1    80.6    77.9   198.1   190.2
 39210   11.4498  47.7573  9447.1  9417.1    80.6    77.9   198.1   190.2
 39211   11.4525  47.7576  9447.0  9417.1    80.6    77.9   198.2   190.2
 39212   11.4551  47.7579  9447.0  9416.6    80.6    77.9   198.2   190.1
 39213   11.4577  47.7582  9446.9  9416.5    80.6    77.8   198.2   190.1
 39214   11.4604  47.7585  9446.9  9416.5    80.5    77.7   198.2   190.1
