literature/acp-17-403-2017-supplement/falcon_1991-04-09_f1797a_track.nas
 37  1001
Robert Baumann                                                                  
INSTITUT F. PHYSIK D. ATMOSPHAERE, DLR, OBERPFAFFENHOFEN, 82234 WESSLING,GERMANY
FALCON 20E, D-CMET, STANDARD METEOROLOGICAL INSTRUMENTATION                     
CONTRAIL 2, flight #1797a                                                       
  1   1
1991 04 09  1991 04 09
0
time in seconds after midnight(Falcon data system time, UTC)                    
 8
  1.
  1.
  1.
  1.
  1.
  1.
  1.
  1.
 -999.
 -999.
 -999.
 -999.
 -999.
 -999.
 -999.
 -999.
FMC-LON   Longitude (Flight-Management Computer), deg                      
FMC-LAT   Latitude (Flight-Management Computer), deg                       
IRS-ALT   Altitude (Inertial Reference System), m                          
ADC-HP    Pressure altitude (Air-Data Computer), m                         
IRS-ATA   Actual track angle (Inertial Reference System), deg              
IRS-HDG   Heading (Inertial Reference System), deg                         
IRS-GS    Ground speed (Inertial Reference System), m/s                    
ADC-TAS   True air speed (Air-Data Computer), m                            
  0
  1
 TIME    FMC-LON  FMC-LAT IRS-ALT  ADC-HP IRS-ATA IRS-HDG  IRS-GS ADC-TAS
[from data line 4109]
 41595   12.3333  49.0559 10987.4 10953.3   121.1   118.7   225.5   203.4
 41596   12.3359  49.0549 10987.6 10953.8   120.7   117.9   225.5   203.4
 41597   12.3386  49.0539 10987.7 10953.8   120.1   117.1   225.5   203.5
 41598   12.3412  49.0529 10987.7 10953.5   119.4   116.2   225.5   203.5
 41599   12.3437  49.0520 10987.6 10952.7   118.6   115.0   225.5   203.5
 41600   12.3466  49.0510 10987.3 10952.3   117.8   114.0   225.4   203.6
 41601   12.3493  49.0500 10987.0 10951.8   117.0   113.2   225.4   203.7
 41602   12.3520  49.0491 10986.6 10951.6   116.2   112.5   225.3   203.7
 41603   12.3548  49.0482 10986.3 10951.6   115.5   111.8   225.3   203.7
 41604   12.3575  49.0474 10986.0 10951.6   114.7   110.8   225.2   203.8
 41605   12.3603  49.0465 10985.8 10951.6   114.0   109.9   225.2   203.9
 41606   12.3631  49.0458 10985.6 10951.4   113.2   109.2   225.1   203.9
 41607   12.3660  49.0450 10985.4 10951.4   112.5   108.5   225.0   204.1
 41608   12.3688  49.0443 10985.3 10951.6   111.7   107.7   224.9   204.3
 41609   12.3714  49.0436 10985.2 10952.2   110.9   106.7   224.8   204.6
 41610   12.3744  49.0429 10985.1 10951.8   110.0   105.4   224.7   204.8
 41611   12.3773  49.0422 10985.0 10951.2   109.0   104.1   224.5   205.1
 41612   12.3802  49.0416 10984.9 10950.7   108.0   103.1   224.4   205.3
 41613   12.3831  49.0410 10984.8 10950.4   107.0   102.3   224.2   205.7
 41614   12.3860  49.0404 10984.7 10950.5   106.1   101.7   224.1   205.8
 41615   12.3889  49.0398 10984.7 10951.3   105.4   101.0   224.0   205.9
 41616   12.3919  49.0393 10984.8 10952.2   104.7   100.3   223.9   206.0
 41617   12.3948  49.0389 10985.0 10952.7   104.1    99.8   223.8   206.0
 41618   12.3977  49.0383 10985.1 10953.6   103.6    99.5   223.8   206.1
 41619   12.4005  49.0379 10985.1 10954.1   103.2    99.1   223.8   206.2
 41620   12.4036  49.0374 10985.2 10954.3   102.8    98.6   223.7   206.2
 41621   12.4066  49.0370 10985.3 10954.3   102.3    98.0   223.7   206.3
 41622   12.4096  49.0366 10985.2 10953.9   101.7    97.2   223.7   206.2
 41623   12.4126  49.0362 10985.1 10953.1   101.1    96.1   223.7   206.1
 41624   12.4155  49.0359 10985.0 10951.9   100.3    94.9   223.6   206.1
 41625   12.4184  49.0355 10985.2 10950.6    99.5    93.8   223.4   206.1
 41626   12.4214  49.0352 10985.6 10949.4    98.7    93.3   223.2   206.1
 41627   12.4244  49.0349 10986.4 10949.0    98.0    92.8   223.0   206.0
 41628   12.4274  49.0346 10987.8 10950.1    97.4    92.2   222.8   206.0
 41629   12.4302  49.0344 10989.7 10952.5    96.9    91.8   222.6   206.0
 41630   12.4334  49.0341 10992.1 10955.2    96.4    91.4   222.4   205.8
 41631   12.4364  49.0339 10994.9 10958.7    96.0    91.1   222.2   205.7
 41632   12.4394  49.0337 10998.0 10962.2    95.7    90.8   221.9   205.6
 41633   12.4424  49.0336 11001.3 10966.0    95.4    90.6   221.8   205.5
 41634   12.4454  49.0334 11004.7 10970.5    95.1    90.3   221.6   205.4
 41635   12.4483  49.0332 11008.2 10974.9    94.9    90.1   221.4   205.2
 41636   12.4513  49.0330 11011.7 10979.3    94.6    89.9   221.2   205.0
 41637   12.4543  49.0329 11015.1 10983.1    94.4    89.7   221.1   204.8
 41638   12.4573  49.0328 11018.5 10987.3    94.2    89.7   220.9   204.5
 41639   12.4600  49.0326 11021.7 10991.2    94.1    89.8   220.8   204.6
 41640   12.4633  49.0325 11024.9 10994.9    93.9    89.9   220.7   204.6
 41641   12.4663  49.0323 11028.1 10998.1    93.8    89.9   220.6   204.6
 41642   12.4693  49.0322 11031.3 11001.0    93.7    89.8   220.5   204.5
 41643   12.4721  49.0321 11034.4 11004.3    93.6    89.7   220.4   204.5
 41644   12.4751  49.0319 11037.4 11007.6    93.5    89.7   220.3   204.5
 41645   12.4781  49.0318 11040.4 11010.3    93.4    89.6   220.2   204.4
 41646   12.4811  49.0317 11043.4 11013.2    93.3    89.6   220.1   204.3
 41647   12.4841  49.0316 11046.3 11016.1    93.2    89.5   220.0   204.5
 41648   12.4870  49.0315 11049.2 11018.9    93.1    89.5   219.9   204.6
 41649   12.4897  49.0314 11052.0 11021.5    93.0    89.5   219.8   204.5
 41650   12.4930  49.0312 11054.9 11024.2    92.9    89.4   219.8   204.4
 41651   12.4960  49.0312 11057.7 11026.7    92.8    89.3   219.6   204.4
 41652   12.4989  49.0311 11060.6 11029.2    92.7    89.1   219.5   204.3
 41653   12.5018  49.0310 11063.5 11032.0    92.6    89.0   219.4   204.3
 41654   12.5048  49.0309 11066.4 11034.7    92.5    88.9   219.3   204.2
 41655   12.5078  49.0308 11069.2 11037.4    92.4    88.8   219.2   204.0
 41656   12.5108  49.0307 11072.2 11040.1    92.3    88.8   219.0   204.0
 41657   12.5137  49.0307 11075.1 11042.7    92.2    88.7   218.9   203.8
 41658   12.5167  49.0306 11078.1 11045.3    92.2    88.6   218.8   203.6
 41659   12.5194  49.0306 11081.1 11048.3    92.1    88.5   218.7   203.4
 41660   12.5226  49.0304 11084.2 11051.3    92.0    88.4   218.6   203.2
 41661   12.5255  49.0304 11087.2 11054.6    91.9    88.4   218.4   203.1
 41662   12.5285  49.0303 11090.2 11057.7    91.9    88.4   218.3   203.0
 41663   12.5314  49.0302 11093.2 11060.6    91.8    88.3   218.2   202.9
 41664   12.5344  49.0302 11096.4 11063.3    91.7    88.2   218.1   202.8
 41665   12.5374  49.0302 11099.6 11066.2    91.7    88.3   217.9   202.7
 41666   12.5403  49.0301 11103.1 11069.4    91.6    88.3   217.8   202.6
 41667   12.5432  49.0301 11106.8 11072.5    91.6    88.2   217.6   202.4
 41668   12.5462  49.0301 11111.0 11075.7    91.5    88.1   217.4   202.2
 41669   12.5489  49.0299 11115.5 11079.5    91.4    88.0   217.2   201.9
 41670   12.5520  49.0299 11120.2 11084.2    91.4    88.2   216.9   201.7
 41671   12.5550  49.0299 11125.6 11089.0    91.7    88.6   216.7   201.3
 41672   12.5579  49.0298 11131.8 11094.1    92.1    89.5   216.4   200.8
 41673   12.5609  49.0297 11138.7 11099.7    92.7    90.8   216.1   200.0
 41674   12.5637  49.0296 11146.1 11106.7    93.4    91.5   215.8   199.3
 41675   12.5666  49.0295 11154.4 11115.3    94.2    92.0   215.5   198.7
 41676   12.5696  49.0293 11163.2 11124.8    94.9    92.9   215.1   198.0
 41677   12.5724  49.0291 11172.3 11134.8    95.7    94.0   214.8   197.0
 41678   12.5753  49.0289 11181.4 11145.6    96.6    94.9   214.5   196.4
 41679   12.5780  49.0287 11190.4 11157.0    97.5    96.1   214.3   195.8
 41680   12.5811  49.0285 11199.0 11168.0    98.5    97.8   214.1   195.2
 41681   12.5839  49.0281 11207.3 11177.5    99.6    99.3   213.9   194.4
 41682   12.5868  49.0278 11215.1 11185.8   100.7   100.4   213.8   193.9
 41683   12.5896  49.0274 11222.4 11194.2   101.9   101.6   213.7   193.6
 41684   12.5924  49.0270 11229.1 11202.7   103.1   103.2   213.6   193.3
 41685   12.5953  49.0265 11235.0 11210.1   104.4   104.8   213.6   193.1
 41686   12.5981  49.0261 11240.3 11216.4   105.7   106.1   213.6   192.9
 41687   12.6008  49.0255 11244.8 11221.8   107.0   107.4   213.7   192.7
 41688   12.6036  49.0250 11248.3 11226.6   108.4   109.1   213.8   192.6
 41689   12.6062  49.0244 11250.8 11230.1   109.7   110.8   214.0   192.6
 41690   12.6090  49.0237 11252.3 11232.1   111.2   112.3   214.2   192.5
 41691   12.6118  49.0229 11252.8 11233.0   112.6   113.9   214.5   192.5
 41692   12.6145  49.0222 11252.5 11232.8   114.1   115.9   214.7   192.7
 41693   12.6171  49.0213 11251.6 11230.3   115.7   117.9   214.9   192.7
 41694   12.6197  49.0204 11250.1 11227.1   117.3   119.7   215.2   192.8
 41695   12.6223  49.0196 11248.5 11223.9   119.0   121.5   215.4   192.9
 41696   12.6248  49.0186 11246.7 11220.6   120.7   123.4   215.6   193.0
 41697   12.6273  49.0176 11244.8 11217.4   122.3   125.4   215.7   193.1
 41698   12.6298  49.0165 11243.0 11214.3   124.0   127.1   215.9   193.2
 41699   12.6320  49.0156 11241.1 11211.9   125.6   128.8   215.9   193.2
 41700   12.6346  49.0143 11239.3 11209.9   127.2   130.7   216.1   193.3
 41701   12.6368  49.0131 11237.7 11207.4   128.8   132.5   216.1   193.3
 41702   12.6391  49.0119 11236.3 11204.8   130.4   134.2   216.1   193.3
 41703   12.6414  49.0106 11235.6 11202.3   131.7   135.5   216.0   193.3
 41704   12.6435  49.0093 11235.8 11200.2   132.9   136.2   215.9   193.2
 41705   12.6457  49.0080 11236.3 11200.1   133.9   136.7   215.8   193.1
 41706   12.6478  49.0067 11237.2 11202.9   134.7   137.5   215.7   193.1
 41707   12.6498  49.0053 11238.7 11205.0   135.6   138.6   215.5   192.9
 41708   12.6519  49.0039 11240.6 11205.5   136.5   139.7   215.3   192.6
 41709   12.6537  49.0026 11243.1 11206.3   137.5   140.7   215.1   192.1
 41710   12.6558  49.0011 11246.4 11207.6   138.4   141.4   214.7   191.7
 41711   12.6578  48.9997 11250.0 11211.2   139.3   142.1   214.4   191.5
 41712   12.6597  48.9982 11253.6 11217.2   140.1   142.9   214.2   191.5
 41713   12.6615  48.9967 11257.3 11223.0   140.9   143.6   214.0   191.6
 41714   12.6633  48.9953 11261.2 11227.6   141.6   144.0   213.7   191.4
 41715   12.6652  48.9937 11264.9 11231.9   142.2   144.4   213.6   191.5
 41716   12.6669  48.9922 11268.5 11236.5   142.7   144.5   213.4   191.5
 41717   12.6688  48.9907 11271.9 11241.3   143.1   144.5   213.3   191.6
 41718   12.6705  48.9891 11274.8 11245.6   143.6   145.1   213.2   191.7
 41719   12.6721  48.9877 11277.2 11248.8   144.0   145.9   213.2   191.9
 41720   12.6739  48.9861 11279.3 11251.1   144.5   146.2   213.2   192.0
 41721   12.6756  48.9846 11280.8 11253.4   144.8   146.2   213.2   192.1
 41722   12.6772  48.9830 11281.9 11255.2   145.0   146.3   213.3   192.3
 41723   12.6789  48.9814 11282.4 11255.9   145.1   146.3   213.3   192.3
 41724   12.6806  48.9798 11282.6 11255.6   145.0   146.0   213.5   192.2
 41725   12.6823  48.9783 11282.5 11254.1   144.8   145.4   213.6   192.1
 41726   12.6840  48.9767 11282.2 11252.4   144.4   144.6   213.8   192.1
 41727   12.6858  48.9752 11281.6 11250.9   144.0   143.9   213.9   192.1
 41728   12.6875  48.9736 11280.9 11249.5   143.6   143.7   214.1   192.2
 41729   12.6891  48.9723 11280.1 11248.7   143.4   143.9   214.2   192.2
 41730   12.6909  48.9705 11279.1 11247.9   143.3   144.3   214.4   192.2
 41731   12.6927  48.9690 11278.0 11247.2   143.4   144.9   214.5   192.2
 41732   12.6945  48.9675 11277.0 11246.0   143.6   145.5   214.6   192.2
 41733   12.6962  48.9659 11276.2 11244.3   143.8   145.7   214.7   192.4
 41734   12.6980  48.9644 11275.5 11242.5   143.9   145.6   214.9   192.4
 41735   12.6997  48.9628 11275.1 11241.4   143.9   145.2   215.0   192.5
 41736   12.7014  48.9613 11274.7 11240.6   143.8   145.0   215.1   192.5
 41737   12.7033  48.9598 11274.4 11240.4   143.6   144.9   215.2   192.6
 41738   12.7050  48.9582 11274.1 11240.0   143.5   144.8   215.3   192.7
 41739   12.7066  48.9568 11273.9 11239.5   143.4   144.6   215.4   192.7
 41740   12.7085  48.9551 11273.9 11239.5   143.2   144.5   215.5   192.7
 41741   12.7103  48.9536 11273.9 11239.6   143.1   144.4   215.5   192.7
 41742   12.7120  48.9520 11274.0 11240.1   143.0   144.2   215.6   192.9
 41743   12.7139  48.9505 11274.1 11240.1   142.9   144.1   215.7   193.0
 41744   12.7156  48.9489 11274.4 11240.3   142.8   144.0   215.7   192.9
 41745   12.7175  48.9474 11274.8 11241.0   142.8   143.9   215.8   192.8
 41746   12.7192  48.9459 11275.1 11241.3   142.7   143.9   215.8   192.8
 41747   12.7210  48.9443 11275.5 11241.8   142.7   144.0   215.9   192.9
 41748   12.7228  48.9428 11275.9 11242.8   142.8   144.2   215.9   193.0
 41749   12.7245  48.9414 11276.3 11243.3   142.9   144.4   215.9   192.9
 41750   12.7264  48.9397 11276.7 11244.1   143.1   144.6   215.9   192.9
 41751   12.7283  48.9382 11277.1 11244.8   143.2   144.8   216.0   192.8
 41752   12.7301  48.9366 11277.6 11245.3   143.3   145.0   216.1   192.8
 41753   12.7318  48.9350 11278.2 11246.0   143.4   145.0   216.1   192.9
 41754   12.7336  48.9335 11278.7 11246.5   143.5   145.1   216.2   193.0
 41755   12.7354  48.9319 11279.3 11247.2   143.6   145.3   216.2   193.0
 41756   12.7371  48.9304 11279.8 11247.8   143.7   145.5   216.3   192.8
 41757   12.7389  48.9289 11280.3 11248.5   143.9   145.7   216.3   193.1
 41758   12.7407  48.9273 11280.9 11249.2   144.0   146.1   216.4   193.3
 41759   12.7423  48.9258 11281.3 11250.0   144.2   146.7   216.5   193.2
 41760   12.7441  48.9241 11281.7 11250.3   144.5   146.9   216.5   193.2
 41761   12.7458  48.9226 11282.0 11250.9   144.6   146.8   216.6   193.4
 41762   12.7476  48.9210 11282.4 11251.1   144.6   146.7   216.6   193.6
 41763   12.7493  48.9194 11282.8 11251.4   144.5   146.4   216.7   193.7
 41764   12.7512  48.9178 11283.2 11251.2   144.1   145.7   216.8   193.8
 41765   12.7529  48.9163 11283.7 11250.8   143.6   144.5   216.9   193.9
 41766   12.7547  48.9147 11284.2 11250.7   143.0   143.2   217.1   193.9
 41767   12.7565  48.9132 11284.6 11251.1   142.2   142.2   217.1   193.9
 41768   12.7583  48.9117 11284.7 11251.3   141.4   141.3   217.3   193.7
 41769   12.7601  48.9103 11284.7 11251.1   140.7   140.3   217.4   193.6
 41770   12.7622  48.9086 11285.0 11251.1   139.8   138.9   217.4   193.6
 41771   12.7641  48.9071 11285.3 11250.4   138.8   137.7   217.4   193.6
 41772   12.7661  48.9056 11285.6 11250.4   137.8   136.3   217.5   193.9
 41773   12.7682  48.9043 11285.8 11250.6   136.7   134.7   217.5   193.8
 41774   12.7702  48.9029 11286.1 11251.8   135.6   133.4   217.5   193.8
 41775   12.7724  48.9015 11286.2 11252.7   134.5   132.3   217.5   193.8
 41776   12.7745  48.9001 11286.2 11252.9   133.3   130.9   217.5   193.9
 41777   12.7767  48.8988 11286.2 11253.2   132.2   129.2   217.4   193.9
 41778   12.7790  48.8975 11286.1 11253.7   131.0   127.7   217.4   193.9
 41779   12.7810  48.8963 11285.7 11254.1   129.7   126.4   217.4   194.0
 41780   12.7836  48.8950 11285.0 11253.8   128.5   125.1   217.4   194.2
 41781   12.7859  48.8938 11284.2 11252.9   127.3   123.6   217.4   194.3
 41782   12.7883  48.8927 11283.4 11252.6   126.1   122.4   217.4   194.3
 41783   12.7908  48.8915 11282.4 11251.9   124.9   121.4   217.4   194.3
 41784   12.7932  48.8904 11281.3 11250.9   123.8   120.4   217.5   194.4
 41785   12.7958  48.8894 11280.4 11249.4   122.7   119.1   217.5   194.4
 41786   12.7982  48.8883 11279.7 11248.2   121.7   118.0   217.5   194.4
 41787   12.8008  48.8873 11279.1 11247.6   120.7   117.1   217.5   194.4
 41788   12.8034  48.8864 11278.6 11246.9   119.7   116.4   217.4   194.4
 41789   12.8058  48.8855 11278.5 11246.3   118.9   115.5   217.4   194.3
 41790   12.8087  48.8845 11278.7 11246.2   118.1   114.8   217.4   194.3
 41791   12.8113  48.8836 11279.4 11246.6   117.5   114.5   217.3   194.1
 41792   12.8140  48.8826 11280.3 11247.8   117.0   114.5   217.3   194.0
 41793   12.8166  48.8817 11281.8 11248.9   116.7   114.3   217.1   193.9
 41794   12.8193  48.8809 11283.9 11250.6   116.4   114.1   217.1   193.8
 41795   12.8220  48.8800 11286.2 11253.3   116.2   114.0   217.0   193.7
 41796   12.8246  48.8792 11288.7 11256.4   116.0   113.9   216.8   193.7
 41797   12.8274  48.8783 11291.5 11259.5   115.9   113.6   216.7   193.7
 41798   12.8300  48.8774 11294.3 11262.9   115.8   113.5   216.6   193.7
 41799   12.8325  48.8767 11297.3 11266.2   115.7   113.8   216.5   193.7
 41800   12.8353  48.8758 11300.4 11269.3   115.8   114.2   216.3   193.6
 41801   12.8380  48.8750 11303.5 11272.7   116.1   114.5   216.3   193.7
 41802   12.8407  48.8742 11306.7 11276.5   116.5   115.0   216.2   193.7
 41803   12.8434  48.8732 11309.6 11280.5   116.9   115.8   216.2   193.8
 41804   12.8460  48.8723 11312.2 11284.3   117.3   116.3   216.2   193.9
 41805   12.8487  48.8714 11314.6 11287.4   117.8   116.5   216.2   194.0
 41806   12.8512  48.8706 11316.7 11289.9   118.2   116.8   216.2   194.2
 41807   12.8538  48.8696 11318.6 11291.6   118.7   117.5   216.3   194.3
 41808   12.8564  48.8687 11320.0 11293.1   119.3   118.3   216.3   194.7
 41809   12.8589  48.8678 11321.2 11294.3   119.8   118.9   216.5   195.0
