literature/acp-17-403-2017-supplement/falcon_1991-04-09_f1797a_track.nas
 37  1001
Robert Baumann                                                                  
INSTITUT F. PHYSIK D. ATMOSPHAERE, DLR, OBERPFAFFENHOFEN, 82234 WESSLING,GERMANY
FALCON 20E, D-CMET, STANDARD METEOROLOGICAL INSTRUMENTATION                     
CONTRAIL 2, flight #1797a                                                       
  1   1
1991 04 09  1991 04 09
0
time in seconds after midnight(Falcon data system time, UTC)                    
 8
  1.
  1.
  1.
  1.
  1.
  1.
  1.
  1.
 -999.
 -999.
 -999.
 -999.
 -999.
 -999.
 -999.
 -999.
FMC-LON   Longitude (Flight-Management Computer), deg                      
FMC-LAT   Latitude (Flight-Management Computer), deg                       
IRS-ALT   Altitude (Inertial Reference System), m                          
ADC-HP    Pressure altitude (Air-Data Computer), m                         
IRS-ATA   Actual track angle (Inertial Reference System), deg              
IRS-HDG   Heading (Inertial Reference System), deg                         
IRS-GS    Ground speed (Inertial Reference System), m/s                    
ADC-TAS   True air speed (Air-Data Computer), m                            
  0
  1
 TIME    FMC-LON  FMC-LAT IRS-ALT  ADC-HP IRS-ATA IRS-HDG  IRS-GS ADC-TAS
[from data line 6487]
 43973   11.7611  49.4103 11895.4 11862.8   171.9   173.9   206.9   192.7
 43974   11.7615  49.4084 11894.8 11862.2   172.0   174.0   207.0   192.8
 43975   11.7618  49.4065 11894.3 11861.5   172.1   174.1   207.1   192.9
 43976   11.7622  49.4047 11893.8 11860.8   172.2   174.2   207.2   192.9
 43977   11.7625  49.4029 11893.3 11860.2   172.2   174.3   207.3   192.9
 43978   11.7628  49.4010 11892.9 11859.6   172.3   174.4   207.4   192.9
 43979   11.7631  49.3993 11892.5 11859.3   172.4   174.4   207.5   193.0
 43980   11.7634  49.3974 11892.2 11859.3   172.4   174.5   207.6   193.0
 43981   11.7638  49.3955 11892.0 11858.7   172.4   174.5   207.6   193.0
 43982   11.7641  49.3936 11891.7 11858.4   172.5   174.5   207.7   193.1
 43983   11.7644  49.3918 11891.5 11858.4   172.5   174.5   207.8   193.1
 43984   11.7647  49.3899 11891.4 11858.4   172.5   174.5   207.9   193.2
 43985   11.7650  49.3881 11891.3 11858.4   172.4   174.4   208.0   193.3
 43986   11.7653  49.3862 11891.3 11858.4   172.3   174.1   208.1   193.4
 43987   11.7657  49.3844 11891.3 11858.3   172.1   173.7   208.3   193.4
 43988   11.7660  49.3825 11891.3 11857.8   171.8   173.2   208.4   193.5
 43989   11.7662  49.3808 11891.2 11858.2   171.6   172.9   208.5   193.6
 43990   11.7665  49.3788 11891.1 11858.4   171.3   172.6   208.6   193.7
 43991   11.7669  49.3770 11890.9 11858.4   171.0   172.3   208.7   193.7
 43992   11.7674  49.3751 11890.8 11858.4   170.6   171.8   208.9   193.7
 43993   11.7678  49.3732 11890.6 11858.4   170.1   171.2   209.0   193.7
 43994   11.7682  49.3714 11890.3 11858.0   169.5   170.2   209.2   193.9
 43995   11.7687  49.3696 11889.9 11857.4   168.6   168.9   209.3   194.0
 43996   11.7692  49.3677 11889.4 11856.3   167.7   167.4   209.6   194.1
 43997   11.7698  49.3658 11888.7 11854.8   166.6   165.8   209.7   194.2
 43998   11.7704  49.3641 11888.2 11853.2   165.5   164.6   209.8   194.3
 43999   11.7711  49.3624 11887.7 11852.3   164.5   163.9   210.0   194.3
 44000   11.7718  49.3604 11887.5 11852.3   163.7   163.6   210.1   194.4
 44001   11.7725  49.3586 11887.5 11853.0   163.0   163.2   210.1   194.4
 44002   11.7734  49.3567 11887.6 11854.3   162.3   162.6   210.3   194.5
 44003   11.7742  49.3550 11888.0 11855.2   161.6   161.7   210.4   194.5
 44004   11.7751  49.3531 11888.3 11856.1   160.8   160.6   210.5   194.6
 44005   11.7760  49.3514 11888.5 11856.3   159.8   159.1   210.6   194.6
 44006   11.7769  49.3496 11888.6 11855.9   158.6   157.5   210.8   194.7
 44007   11.7779  49.3478 11888.4 11854.7   157.4   156.0   210.9   194.8
 44008   11.7790  49.3461 11888.1 11853.8   156.1   154.6   211.0   194.9
 44009   11.7800  49.3445 11887.7 11853.2   154.8   153.2   211.1   195.1
 44010   11.7813  49.3427 11887.5 11853.2   153.5   151.7   211.2   195.2
 44011   11.7826  49.3409 11887.4 11853.1   152.1   150.2   211.3   195.2
 44012   11.7839  49.3392 11887.3 11852.9   150.8   148.8   211.4   195.2
 44013   11.7853  49.3377 11887.3 11853.2   149.5   147.4   211.4   195.3
 44014   11.7867  49.3360 11887.3 11853.7   148.1   146.0   211.5   195.3
 44015   11.7881  49.3344 11887.5 11854.0   146.8   144.6   211.5   195.4
 44016   11.7897  49.3328 11887.8 11854.6   145.5   143.1   211.6   195.4
 44017   11.7913  49.3312 11888.1 11855.2   144.2   141.6   211.6   195.4
 44018   11.7930  49.3297 11888.4 11855.8   142.8   140.2   211.6   195.4
 44019   11.7945  49.3283 11888.7 11856.5   141.5   138.8   211.6   195.4
 44020   11.7964  49.3267 11889.0 11856.9   140.3   137.5   211.6   195.4
 44021   11.7982  49.3252 11889.3 11857.5   139.0   136.1   211.6   195.4
 44022   11.8000  49.3238 11889.5 11857.8   137.7   134.6   211.6   195.4
 44023   11.8020  49.3224 11889.7 11858.1   136.4   133.1   211.5   195.4
 44024   11.8039  49.3210 11889.8 11858.4   135.1   131.7   211.5   195.4
 44025   11.8059  49.3197 11890.0 11858.4   133.8   130.3   211.4   195.4
 44026   11.8079  49.3183 11890.0 11858.5   132.5   128.9   211.4   195.5
 44027   11.8100  49.3171 11890.0 11858.7   131.2   127.5   211.3   195.6
 44028   11.8122  49.3159 11890.1 11858.4   130.0   126.2   211.3   195.6
 44029   11.8142  49.3147 11890.4 11858.5   128.9   125.2   211.2   195.7
 44030   11.8165  49.3134 11890.7 11859.4   127.9   124.5   211.1   195.8
 44031   11.8187  49.3122 11891.1 11860.6   127.1   124.1   211.1   195.9
 44032   11.8209  49.3111 11891.6 11862.2   126.5   123.8   211.0   196.1
 44033   11.8232  49.3099 11892.1 11863.7   126.0   123.5   211.1   196.2
 44034   11.8255  49.3088 11892.6 11864.9   125.7   123.2   211.1   196.4
 44035   11.8277  49.3077 11893.1 11865.4   125.4   123.0   211.2   196.5
 44036   11.8300  49.3065 11893.4 11865.6   125.1   122.8   211.2   196.7
 44037   11.8323  49.3055 11893.6 11865.5   124.9   122.7   211.3   196.9
 44038   11.8346  49.3044 11893.7 11864.8   124.7   122.5   211.4   197.2
 44039   11.8368  49.3033 11893.6 11864.8   124.6   122.3   211.5   197.5
 44040   11.8393  49.3022 11893.4 11864.3   124.5   122.2   211.5   197.7
 44041   11.8416  49.3011 11893.2 11863.2   124.4   122.2   211.6   197.9
 44042   11.8439  49.3000 11892.9 11862.8   124.3   122.1   211.6   198.2
 44043   11.8462  49.2989 11892.5 11862.0   124.3   122.0   211.6   198.3
 44044   11.8485  49.2978 11892.2 11861.2   124.2   122.0   211.7   198.3
 44045   11.8509  49.2967 11891.9 11860.4   124.2   121.9   211.7   198.4
 44046   11.8532  49.2957 11891.5 11859.6   124.2   121.9   211.7   198.5
 44047   11.8555  49.2945 11891.0 11859.0   124.2   121.9   211.8   198.5
 44048   11.8578  49.2934 11890.5 11858.3   124.2   122.0   211.8   198.5
 44049   11.8600  49.2925 11890.1 11857.3   124.2   122.0   211.8   198.4
 44050   11.8625  49.2913 11889.7 11856.6   124.2   122.0   211.8   198.3
 44051   11.8648  49.2902 11889.3 11856.0   124.2   122.0   211.8   198.2
 44052   11.8672  49.2890 11889.0 11855.4   124.2   122.0   211.8   198.2
 44053   11.8694  49.2880 11888.7 11855.1   124.3   122.1   211.8   198.1
 44054   11.8718  49.2869 11888.5 11855.1   124.3   122.1   211.8   198.0
 44055   11.8742  49.2858 11888.4 11855.1   124.3   122.1   211.8   197.9
 44056   11.8764  49.2847 11888.3 11855.1   124.3   122.1   211.8   197.9
 44057   11.8788  49.2836 11888.3 11855.1   124.3   122.2   211.8   197.9
 44058   11.8811  49.2825 11888.3 11855.1   124.4   122.2   211.8   197.9
 44059   11.8833  49.2815 11888.5 11855.4   124.4   122.2   211.8   197.8
 44060   11.8858  49.2803 11888.6 11855.4   124.4   122.3   211.8   197.8
 44061   11.8881  49.2792 11888.8 11855.4   124.4   122.3   211.8   197.8
 44062   11.8904  49.2782 11889.0 11856.3   124.5   122.3   211.8   197.7
 44063   11.8927  49.2770 11889.2 11856.4   124.5   122.3   211.7   197.7
 44064   11.8950  49.2759 11889.4 11856.6   124.4   122.3   211.7   197.7
 44065   11.8973  49.2748 11889.6 11856.9   124.4   122.3   211.7   197.7
 44066   11.8997  49.2738 11889.8 11857.2   124.4   122.3   211.7   197.7
 44067   11.9020  49.2726 11890.0 11857.8   124.4   122.3   211.7   197.7
 44068   11.9043  49.2715 11890.1 11858.2   124.4   122.4   211.7   197.8
 44069   11.9064  49.2705 11890.3 11858.4   124.5   122.4   211.7   197.8
 44070   11.9089  49.2693 11890.4 11858.4   124.5   122.4   211.7   197.8
 44071   11.9112  49.2682 11890.5 11858.4   124.5   122.3   211.7   197.9
 44072   11.9136  49.2672 11890.6 11858.4   124.5   122.2   211.7   197.9
 44073   11.9159  49.2661 11890.6 11858.4   124.4   122.2   211.7   198.0
 44074   11.9182  49.2649 11890.6 11858.7   124.4   122.2   211.7   198.0
 44075   11.9205  49.2639 11890.5 11858.7   124.5   122.2   211.7   198.0
 44076   11.9229  49.2628 11890.4 11858.7   124.5   122.3   211.7   198.0
 44077   11.9251  49.2617 11890.4 11858.6   124.5   122.3   211.7   198.0
 44078   11.9275  49.2606 11890.4 11858.4   124.5   122.2   211.7   198.1
 44079   11.9296  49.2595 11890.3 11858.4   124.5   122.2   211.7   198.2
 44080   11.9321  49.2584 11890.3 11858.4   124.5   122.2   211.7   198.3
 44081   11.9344  49.2573 11890.2 11858.4   124.5   122.2   211.7   198.3
 44082   11.9367  49.2563 11890.1 11858.3   124.5   122.2   211.7   198.3
 44083   11.9390  49.2551 11890.1 11857.8   124.5   122.2   211.8   198.3
 44084   11.9413  49.2540 11890.1 11857.8   124.5   122.2   211.8   198.3
 44085   11.9436  49.2530 11889.9 11858.3   124.5   122.2   211.8   198.2
 44086   11.9460  49.2518 11889.8 11858.4   124.5   122.3   211.8   198.1
 44087   11.9482  49.2507 11889.6 11858.2   124.6   122.3   211.8   198.1
 44088   11.9505  49.2497 11889.4 11857.4   124.6   122.3   211.8   198.1
 44089   11.9527  49.2487 11889.3 11856.8   124.6   122.3   211.8   198.1
 44090   11.9552  49.2475 11889.1 11856.6   124.6   122.3   211.8   198.1
 44091   11.9575  49.2463 11888.9 11856.6   124.6   122.3   211.8   198.1
 44092   11.9598  49.2453 11888.9 11856.6   124.6   122.3   211.8   198.1
 44093   11.9620  49.2442 11888.7 11856.3   124.6   122.3   211.8   198.1
 44094   11.9644  49.2431 11888.6 11856.4   124.6   122.4   211.8   198.1
 44095   11.9667  49.2420 11888.6 11856.6   124.6   122.3   211.8   198.1
 44096   11.9690  49.2409 11888.6 11856.4   124.6   122.3   211.8   198.1
 44097   11.9713  49.2398 11888.6 11856.3   124.6   122.3   211.8   198.1
 44098   11.9736  49.2387 11888.6 11856.4   124.6   122.4   211.8   198.0
 44099   11.9757  49.2377 11888.6 11856.6   124.6   122.4   211.8   198.0
 44100   11.9782  49.2365 11888.6 11856.6   124.6   122.4   211.8   198.0
 44101   11.9805  49.2354 11888.7 11856.6   124.6   122.4   211.8   198.0
 44102   11.9828  49.2344 11888.8 11856.6   124.6   122.4   211.8   198.0
 44103   11.9850  49.2333 11888.9 11856.6   124.6   122.4   211.8   198.0
 44104   11.9874  49.2322 11889.0 11856.8   124.6   122.4   211.8   198.1
 44105   11.9897  49.2311 11889.1 11857.2   124.6   122.4   211.8   198.1
 44106   11.9920  49.2300 11889.1 11857.4   124.6   122.4   211.8   198.1
 44107   11.9942  49.2289 11889.2 11857.8   124.6   122.4   211.8   198.1
 44108   11.9965  49.2279 11889.2 11857.8   124.6   122.5   211.8   198.0
 44109   11.9986  49.2269 11889.2 11857.2   124.6   122.4   211.8   197.9
 44110   12.0011  49.2256 11889.1 11857.2   124.6   122.4   211.7   197.8
 44111   12.0035  49.2245 11889.0 11857.2   124.6   122.5   211.7   197.7
 44112   12.0058  49.2235 11888.8 11857.2   124.6   122.5   211.7   197.7
 44113   12.0080  49.2224 11888.7 11857.2   124.6   122.5   211.7   197.7
 44114   12.0103  49.2213 11888.6 11857.2   124.6   122.5   211.7   197.7
 44115   12.0126  49.2203 11888.6 11857.2   124.6   122.5   211.7   197.7
 44116   12.0149  49.2192 11888.6 11856.6   124.6   122.6   211.7   197.7
 44117   12.0172  49.2180 11888.6 11856.6   124.6   122.5   211.7   197.6
 44118   12.0195  49.2169 11888.6 11856.6   124.5   122.5   211.7   197.6
 44119   12.0216  49.2159 11888.6 11856.8   124.5   122.6   211.8   197.6
 44120   12.0241  49.2148 11888.6 11857.2   124.5   122.5   211.8   197.6
 44121   12.0264  49.2137 11888.6 11856.6   124.5   122.5   211.8   197.6
 44122   12.0287  49.2127 11888.7 11856.6   124.5   122.5   211.8   197.5
 44123   12.0310  49.2116 11888.8 11856.6   124.5   122.4   211.8   197.5
 44124   12.0333  49.2105 11888.8 11856.6   124.5   122.4   211.8   197.5
 44125   12.0356  49.2094 11888.8 11856.6   124.4   122.4   211.8   197.5
 44126   12.0379  49.2084 11888.8 11856.8   124.4   122.4   211.8   197.5
 44127   12.0402  49.2072 11888.7 11857.2   124.4   122.4   211.8   197.6
 44128   12.0425  49.2061 11888.7 11856.6   124.4   122.4   211.8   197.5
 44129   12.0446  49.2051 11888.5 11856.6   124.4   122.5   211.8   197.5
 44130   12.0471  49.2040 11888.3 11856.6   124.4   122.6   211.8   197.5
 44131   12.0493  49.2029 11888.2 11856.6   124.4   122.6   211.8   197.5
 44132   12.0517  49.2018 11888.1 11856.3   124.4   122.5   211.8   197.4
 44133   12.0540  49.2008 11888.1 11856.3   124.4   122.5   211.8   197.3
 44134   12.0563  49.1997 11888.0 11855.9   124.4   122.5   211.8   197.3
 44135   12.0586  49.1986 11888.0 11855.4   124.4   122.6   211.8   197.2
 44136   12.0609  49.1975 11888.0 11855.7   124.4   122.5   211.8   197.2
 44137   12.0632  49.1965 11887.9 11856.3   124.4   122.5   211.8   197.1
 44138   12.0655  49.1954 11888.0 11855.5   124.4   122.5   211.8   197.1
 44139   12.0676  49.1944 11888.0 11855.4   124.4   122.5   211.8   197.1
 44140   12.0701  49.1933 11888.2 11855.4   124.4   122.4   211.8   197.1
 44141   12.0724  49.1922 11888.4 11855.5   124.3   122.4   211.8   197.1
 44142   12.0747  49.1911 11888.6 11856.4   124.3   122.4   211.8   197.1
 44143   12.0770  49.1900 11888.8 11856.9   124.3   122.5   211.8   197.1
 44144   12.0793  49.1890 11888.9 11857.6   124.3   122.5   211.8   197.0
 44145   12.0816  49.1879 11889.1 11857.9   124.3   122.5   211.9   196.8
 44146   12.0839  49.1868 11889.2 11858.4   124.3   122.6   212.0   196.6
 44147   12.0862  49.1858 11889.3 11857.9   124.3   122.6   212.0   196.5
 44148   12.0885  49.1847 11889.3 11857.9   124.3   122.5   212.0   196.3
 44149   12.0906  49.1837 11889.2 11858.5   124.3   122.6   212.0   196.3
 44150   12.0931  49.1825 11889.0 11858.7   124.3   122.6   212.0   196.0
 44151   12.0954  49.1815 11888.9 11858.2   124.3   122.6   212.0   196.0
 44152   12.0977  49.1804 11888.7 11857.8   124.3   122.6   212.1   195.9
 44153   12.1000  49.1793 11888.6 11857.2   124.3   122.6   212.1   195.8
 44154   12.1023  49.1782 11888.5 11857.2   124.3   122.5   212.1   195.8
 44155   12.1046  49.1772 11888.3 11857.2   124.3   122.5   212.1   195.8
 44156   12.1069  49.1761 11888.2 11857.2   124.3   122.6   212.1   195.7
 44157   12.1092  49.1750 11888.1 11857.2   124.3   122.7   212.2   195.7
 44158   12.1115  49.1740 11888.0 11856.6   124.3   122.7   212.2   195.6
 44159   12.1137  49.1730 11888.0 11856.5   124.3   122.6   212.2   195.6
 44160   12.1161  49.1718 11888.0 11856.3   124.3   122.6   212.3   195.6
 44161   12.1185  49.1707 11888.0 11856.3   124.3   122.6   212.3   195.7
 44162   12.1208  49.1697 11887.9 11856.2   124.2   122.6   212.3   195.8
 44163   12.1231  49.1686 11888.0 11855.4   124.2   122.6   212.3   195.8
 44164   12.1254  49.1675 11888.0 11855.4   124.2   122.6   212.3   195.9
 44165   12.1277  49.1664 11888.0 11856.1   124.2   122.6   212.3   195.9
 44166   12.1300  49.1654 11887.9 11856.3   124.2   122.6   212.3   196.0
 44167   12.1323  49.1643 11887.8 11855.7   124.2   122.6   212.3   196.0
 44168   12.1346  49.1632 11887.7 11855.2   124.2   122.5   212.3   195.8
 44169   12.1368  49.1622 11887.6 11855.1   124.2   122.5   212.3   195.9
 44170   12.1392  49.1611 11887.5 11855.1   124.2   122.6   212.3   196.2
 44171   12.1416  49.1600 11887.5 11855.1   124.2   122.6   212.3   196.4
 44172   12.1439  49.1589 11887.4 11854.6   124.2   122.6   212.2   196.6
 44173   12.1462  49.1579 11887.5 11854.5   124.2   122.7   212.2   196.7
 44174   12.1485  49.1568 11887.6 11854.6   124.2   122.8   212.2   196.8
 44175   12.1508  49.1557 11887.7 11855.1   124.2   122.8   212.2   196.9
 44176   12.1531  49.1546 11887.9 11855.1   124.3   122.8   212.2   197.0
 44177   12.1554  49.1536 11888.0 11855.1   124.2   122.7   212.2   197.0
 44178   12.1577  49.1525 11888.2 11855.1   124.3   122.7   212.2   197.1
 44179   12.1598  49.1515 11888.4 11855.4   124.2   122.5   212.1   197.0
 44180   12.1624  49.1503 11888.5 11855.4   124.2   122.5   212.1   197.0
 44181   12.1647  49.1493 11888.5 11855.4   124.2   122.5   212.1   197.0
 44182   12.1670  49.1482 11888.4 11856.2   124.2   122.6   212.2   197.0
 44183   12.1693  49.1471 11888.4 11856.3   124.2   122.5   212.2   196.9
 44184   12.1716  49.1460 11888.3 11856.3   124.2   122.4   212.2   196.8
 44185   12.1739  49.1450 11888.2 11856.3   124.2   122.4   212.2   196.7
 44186   12.1762  49.1439 11888.0 11855.6   124.2   122.4   212.2   196.7
 44187   12.1786  49.1428 11887.9 11855.4   124.2   122.5   212.2   196.6
