literature/acp-17-403-2017-supplement/falcon_1991-04-09_f1797a_track.nas
 37  1001
Robert Baumann                                                                  
INSTITUT F. PHYSIK D. ATMOSPHAERE, DLR, OBERPFAFFENHOFEN, 82234 WESSLING,GERMANY
FALCON 20E, D-CMET, STANDARD METEOROLOGICAL INSTRUMENTATION                     
CONTRAIL 2, flight #1797a                                                       
  1   1
1991 04 09  1991 04 09
0
time in seconds after midnight(Falcon data system time, UTC)                    
 8
  1.
  1.
  1.
  1.
  1.
  1.
  1.
  1.
 -999.
 -999.
 -999.
 -999.
 -999.
 -999.
 -999.
 -999.
FMC-LON   Longitude (Flight-Management Computer), deg                      
FMC-LAT   Latitude (Flight-Management Computer), deg                       
IRS-ALT   Altitude (Inertial Reference System), m                          
ADC-HP    Pressure altitude (Air-Data Computer), m                         
IRS-ATA   Actual track angle (Inertial Reference System), deg              
IRS-HDG   Heading (Inertial Reference System), deg                         
IRS-GS    Ground speed (Inertial Reference System), m/s                    
ADC-TAS   True air speed (Air-Data Computer), m                            
  0
  1
 TIME    FMC-LON  FMC-LAT IRS-ALT  ADC-HP IRS-ATA IRS-HDG  IRS-GS ADC-TAS
[from data line 7568]
 45054   11.1044  49.5732 11926.3 11895.7   334.0   337.4   178.8   191.8
 45055   11.1034  49.5745 11925.8 11895.3   335.8   339.0   178.8   191.8
 45056   11.1023  49.5761 11925.4 11894.8   337.6   340.6   178.8   191.7
 45057   11.1013  49.5776 11924.9 11894.5   339.3   342.3   178.8   191.7
 45058   11.1005  49.5791 11924.4 11894.1   341.1   343.9   178.8   191.7
 45059   11.0996  49.5807 11923.9 11893.9   342.8   345.6   178.8   191.8
 45060   11.0989  49.5822 11923.6 11893.6   344.6   347.2   178.9   192.0
 45061   11.0982  49.5837 11923.2 11893.1   346.3   348.8   179.0   192.2
 45062   11.0977  49.5853 11922.8 11893.1   348.0   350.4   179.0   192.2
 45063   11.0971  49.5869 11922.4 11892.7   349.7   351.9   179.1   192.2
 45064   11.0967  49.5885 11922.1 11892.5   351.4   353.4   179.2   192.4
 45065   11.0963  49.5899 11921.7 11892.0   353.1   354.9   179.3   192.5
 45066   11.0960  49.5917 11921.1 11891.9   354.7   356.5   179.4   192.7
 45067   11.0958  49.5933 11920.3 11891.9   356.4   358.1   179.5   192.8
 45068   11.0955  49.5949 11919.5 11891.1   358.1   359.7   179.7   192.9
 45069   11.0955  49.5965 11918.5 11889.7   215.8     1.2   179.9   192.9
 45070   11.0954  49.5981 11917.3 11888.3     1.5     2.7   180.1   192.9
 45071   11.0955  49.5997 11916.1 11887.1     3.1     4.2   180.3   192.9
 45072   11.0955  49.6013 11914.8 11885.4     4.8     5.7   180.6   193.1
 45073   11.0958  49.6029 11913.4 11883.8     6.4     7.2   180.8   193.1
 45074   11.0960  49.6045 11911.9 11882.3     8.0     8.8   181.1   193.2
 45075   11.0963  49.6060 11910.3 11880.3     9.7    10.4   181.3   193.4
 45076   11.0967  49.6077 11908.7 11878.6    11.3    11.9   181.6   193.5
 45077   11.0972  49.6093 11906.9 11876.7    13.0    13.4   181.9   193.7
 45078   11.0977  49.6110 11905.1 11874.9    14.6    14.9   182.2   193.8
 45079   11.0983  49.6125 11903.2 11872.8    16.3    16.5   182.6   193.8
 45080   11.0990  49.6141 11901.2 11870.7    17.9    18.1   182.9   194.1
 45081   11.0998  49.6156 11899.1 11868.6    19.6    19.6   183.2   194.3
 45082   11.1006  49.6172 11897.0 11866.3    21.2    21.2   183.6   194.4
 45083   11.1015  49.6187 11894.9 11864.0    22.8    22.7   183.9   194.4
 45084   11.1024  49.6202 11892.8 11861.5    24.5    24.2   184.3   194.7
 45085   11.1033  49.6216 11890.6 11859.3    26.1    25.8   184.7   194.8
 45086   11.1045  49.6232 11888.5 11856.9    27.7    27.4   185.0   194.9
 45087   11.1056  49.6247 11886.4 11854.2    29.4    29.0   185.4   195.0
 45088   11.1068  49.6261 11884.4 11851.8    31.0    30.5   185.8   195.0
 45089   11.1081  49.6275 11882.6 11849.5    32.7    32.0   186.1   195.3
 45090   11.1094  49.6289 11881.1 11847.4    34.3    33.6   186.5   195.2
 45091   11.1108  49.6303 11879.7 11845.8    35.9    35.2   186.8   195.2
 45092   11.1123  49.6317 11878.6 11844.3    37.6    36.8   187.2   195.5
 45093   11.1138  49.6330 11877.9 11843.3    39.2    38.3   187.5   195.6
 45094   11.1154  49.6343 11877.5 11842.7    40.9    39.7   187.8   195.2
 45095   11.1168  49.6355 11877.4 11842.6    42.5    41.3   188.1   195.3
 45096   11.1187  49.6368 11877.5 11842.9    44.1    42.9   188.5   195.3
 45097   11.1204  49.6380 11877.8 11843.4    45.7    44.4   188.7   195.1
 45098   11.1222  49.6392 11878.4 11844.4    47.3    45.8   189.0   195.1
 45099   11.1240  49.6403 11879.0 11845.7    48.8    47.3   189.3   195.1
 45100   11.1259  49.6415 11879.7 11846.7    50.4    48.8   189.6   194.9
 45101   11.1279  49.6425 11880.4 11848.2    51.9    50.3   190.0   194.7
 45102   11.1298  49.6436 11881.0 11849.8    53.4    51.9   190.3   194.6
 45103   11.1318  49.6446 11881.4 11850.9    54.9    53.4   190.6   194.4
 45104   11.1339  49.6456 11881.8 11851.6    56.4    54.9   190.9   194.2
 45105   11.1359  49.6464 11882.1 11852.1    57.9    56.4   191.3   194.2
 45106   11.1382  49.6474 11882.4 11852.3    59.4    57.9   191.6   194.1
 45107   11.1404  49.6484 11882.7 11852.3    60.9    59.5   192.0   194.1
 45108   11.1426  49.6491 11882.9 11852.3    62.4    60.9   192.3   194.1
 45109   11.1448  49.6499 11883.2 11852.9    63.9    62.5   192.7   194.0
 45110   11.1471  49.6507 11883.6 11852.9    65.5    64.0   193.0   194.0
 45111   11.1495  49.6515 11884.1 11853.1    67.0    65.5   193.3   194.1
 45112   11.1519  49.6521 11884.7 11853.7    68.5    67.0   193.7   194.1
 45113   11.1542  49.6528 11885.3 11854.5    70.0    68.5   194.0   194.1
 45114   11.1566  49.6534 11886.1 11855.2    71.5    69.9   194.3   194.1
 45115   11.1589  49.6538 11887.0 11855.9    73.0    71.4   194.6   194.1
 45116   11.1615  49.6544 11887.8 11857.0    74.5    73.0   194.9   194.0
 45117   11.1640  49.6548 11888.7 11858.2    76.0    74.5   195.3   193.8
 45118   11.1665  49.6552 11889.6 11859.0    77.5    75.9   195.6   193.8
 45119   11.1690  49.6557 11890.5 11860.1    78.9    77.3   195.9   193.8
 45120   11.1715  49.6560 11891.4 11860.9    80.3    78.6   196.2   193.7
 45121   11.1741  49.6563 11892.2 11861.8    81.7    80.1   196.5   193.6
 45122   11.1767  49.6566 11892.9 11862.8    83.2    81.5   196.9   193.7
 45123   11.1793  49.6568 11893.6 11863.4    84.6    83.0   197.2   193.8
 45124   11.1818  49.6570 11894.2 11863.8    86.0    84.4   197.5   193.7
 45125   11.1842  49.6571 11894.8 11864.4    87.5    85.9   197.8   193.4
 45126   11.1870  49.6571 11895.5 11865.2    88.9    87.4   198.2   193.4
 45127   11.1896  49.6573 11896.1 11865.7    90.3    88.9   198.5   193.4
 45128   11.1923  49.6573 11896.7 11865.9    91.8    90.3   198.8   193.4
 45129   11.1949  49.6572 11897.3 11866.6    93.2    91.7   199.1   193.4
 45130   11.1975  49.6571 11897.9 11867.5    94.6    93.2   199.4   193.3
 45131   11.2000  49.6570 11898.4 11868.2    96.0    94.7   199.7   193.3
 45132   11.2027  49.6568 11899.0 11868.4    97.4    96.1   200.0   193.3
 45133   11.2054  49.6565 11899.5 11868.8    98.9    97.6   200.4   193.1
 45134   11.2079  49.6563 11900.1 11869.5   100.3    99.0   200.6   192.9
 45135   11.2103  49.6560 11900.6 11870.2   101.7   100.5   200.9   192.9
 45136   11.2131  49.6556 11901.1 11870.5   103.1   101.9   201.2   192.9
 45137   11.2157  49.6552 11901.6 11870.8   104.5   103.3   201.5   193.0
 45138   11.2182  49.6547 11902.0 11871.6   105.9   104.9   201.8   193.0
 45139   11.2207  49.6543 11902.4 11872.3   107.3   106.4   202.0   192.7
 45140   11.2232  49.6538 11902.8 11872.6   108.7   107.8   202.3   192.6
 45141   11.2257  49.6533 11903.1 11872.8   110.1   109.3   202.6   192.6
 45142   11.2282  49.6526 11903.4 11873.6   111.5   110.9   202.9   192.6
 45143   11.2306  49.6520 11903.6 11873.6   112.9   112.4   203.1   192.6
 45144   11.2330  49.6512 11903.7 11873.6   114.3   113.8   203.4   192.5
 45145   11.2353  49.6506 11903.9 11873.9   115.7   115.2   203.6   192.2
 45146   11.2379  49.6498 11904.0 11873.9   117.0   116.7   203.9   192.1
 45147   11.2402  49.6489 11904.1 11873.9   118.4   118.2   204.1   192.1
 45148   11.2426  49.6480 11904.1 11873.8   119.8   119.6   204.4   192.0
 45149   11.2448  49.6472 11904.1 11873.6   121.2   121.1   204.6   192.0
 45150   11.2471  49.6463 11904.1 11873.6   122.6   122.5   204.9   192.0
 45151   11.2493  49.6453 11904.0 11873.9   124.0   124.0   205.1   192.0
 45152   11.2515  49.6443 11904.0 11873.7   125.4   125.4   205.3   191.9
 45153   11.2537  49.6432 11904.0 11872.9   126.8   126.9   205.6   191.8
 45154   11.2558  49.6421 11903.9 11872.7   128.2   128.4   205.8   191.7
 45155   11.2576  49.6411 11903.8 11872.7   129.5   129.8   206.0   191.7
 45156   11.2598  49.6398 11903.7 11872.7   130.9   131.2   206.2   191.4
 45157   11.2618  49.6387 11903.5 11872.7   132.3   132.7   206.4   191.2
 45158   11.2638  49.6374 11903.4 11872.7   133.7   134.2   206.6   191.1
 45159   11.2657  49.6361 11903.3 11872.4   135.0   135.7   206.8   191.0
 45160   11.2675  49.6348 11903.2 11872.4   136.4   137.2   207.0   190.9
 45161   11.2694  49.6335 11903.1 11872.4   137.8   138.7   207.2   190.9
 45162   11.2711  49.6322 11903.0 11872.4   139.2   140.2   207.3   190.9
 45163   11.2728  49.6308 11902.9 11872.4   140.6   141.7   207.5   190.8
 45164   11.2744  49.6294 11902.9 11872.4   141.9   143.2   207.6   190.8
 45165   11.2759  49.6281 11902.9 11872.4   143.3   144.7   207.7   190.7
 45166   11.2776  49.6265 11902.9 11872.4   144.7   146.2   207.9   190.7
 45167   11.2790  49.6250 11903.0 11872.5   146.1   147.6   207.9   190.6
 45168   11.2804  49.6235 11903.0 11872.7   147.4   149.1   208.0   190.5
 45169   11.2818  49.6219 11902.9 11872.7   148.8   150.6   208.1   190.5
 45170   11.2831  49.6204 11902.9 11872.7   150.2   152.1   208.2   190.6
 45171   11.2844  49.6188 11902.8 11872.7   151.5   153.6   208.3   190.5
 45172   11.2856  49.6171 11902.6 11872.7   152.9   155.1   208.3   190.5
 45173   11.2867  49.6156 11902.4 11872.5   154.3   156.7   208.4   190.3
 45174   11.2878  49.6139 11902.2 11871.9   155.7   158.2   208.4   190.3
 45175   11.2887  49.6123 11902.0 11871.7   157.0   159.8   208.5   190.3
 45176   11.2897  49.6104 11901.7 11871.2   158.4   161.3   208.5   190.3
 45177   11.2907  49.6087 11901.4 11871.2   159.8   162.8   208.5   190.3
 45178   11.2914  49.6070 11901.1 11871.0   161.2   164.4   208.5   190.4
 45179   11.2921  49.6053 11900.9 11870.5   162.6   165.9   208.4   190.4
 45180   11.2928  49.6037 11900.5 11870.2   164.0   167.5   208.4   190.4
 45181   11.2934  49.6019 11900.2 11869.5   165.4   168.9   208.3   190.5
 45182   11.2939  49.6000 11899.9 11869.1   166.7   170.3   208.3   190.7
 45183   11.2945  49.5983 11899.5 11868.6   168.1   171.7   208.2   190.7
 45184   11.2948  49.5965 11899.2 11868.5   169.5   173.2   208.2   190.7
 45185   11.2952  49.5946 11899.0 11868.3   170.7   174.5   208.1   190.6
 45186   11.2955  49.5929 11898.9 11867.7   171.9   175.5   208.0   190.6
 45187   11.2957  49.5910 11899.0 11867.6   172.9   176.2   207.9   190.7
 45188   11.2959  49.5892 11899.4 11868.4   173.7   176.7   207.9   190.7
 45189   11.2961  49.5874 11899.8 11869.8   174.4   176.9   207.9   191.0
 45190   11.2962  49.5857 11900.2 11870.9   174.9   177.2   207.9   191.1
 45191   11.2963  49.5837 11900.4 11871.8   175.3   177.4   207.9   191.1
 45192   11.2964  49.5819 11900.5 11872.4   175.6   177.6   208.0   191.2
 45193   11.2965  49.5801 11900.3 11872.4   175.9   177.8   208.0   191.5
 45194   11.2965  49.5783 11899.9 11871.9   176.2   178.0   208.1   191.8
 45195   11.2965  49.5765 11899.3 11870.7   176.4   178.3   208.3   192.2
 45196   11.2966  49.5746 11898.5 11869.7   176.6   178.4   208.4   192.4
 45197   11.2967  49.5728 11897.5 11868.5   176.7   178.5   208.4   192.6
 45198   11.2967  49.5710 11896.4 11867.0   176.9   178.5   208.6   192.8
 45199   11.2967  49.5691 11895.2 11865.2   177.0   178.6   208.7   193.0
 45200   11.2967  49.5675 11893.9 11863.5   177.1   178.7   208.8   193.1
 45201   11.2967  49.5655 11892.5 11861.8   177.2   178.8   208.9   193.4
 45202   11.2967  49.5636 11891.1 11859.8   177.3   178.8   209.1   193.6
 45203   11.2967  49.5618 11889.8 11857.9   177.3   178.8   209.2   193.9
 45204   11.2967  49.5599 11888.6 11856.0   177.4   178.8   209.3   194.0
 45205   11.2967  49.5581 11887.4 11854.5   177.4   178.9   209.4   194.3
 45206   11.2967  49.5562 11886.3 11853.1   177.4   178.8   209.5   194.5
 45207   11.2967  49.5544 11885.3 11851.9   177.4   178.8   209.6   194.6
 45208   11.2967  49.5525 11884.4 11850.9   177.5   178.8   209.6   194.8
 45209   11.2967  49.5507 11883.6 11849.8   177.5   178.9   209.7   194.8
 45210   11.2967  49.5490 11882.8 11849.0   177.5   178.9   209.7   195.0
 45211   11.2967  49.5470 11882.2 11848.2   177.5   179.0   209.8   195.2
 45212   11.2967  49.5452 11881.7 11847.7   177.6   179.0   209.8   195.4
 45213   11.2967  49.5433 11881.2 11847.1   177.6   179.1   209.9   195.6
 45214   11.2967  49.5414 11880.9 11847.0   177.7   179.1   209.9   195.7
 45215   11.2966  49.5396 11880.8 11846.8   177.7   179.2   210.0   195.8
 45216   11.2965  49.5377 11880.7 11846.8   177.7   179.2   210.0   196.0
 45217   11.2965  49.5359 11880.5 11847.0   177.8   179.3   210.0   196.1
 45218   11.2965  49.5341 11880.3 11847.4   177.8   179.3   210.0   196.2
 45219   11.2965  49.5322 11880.2 11847.8   177.8   179.2   210.1   196.3
 45220   11.2965  49.5305 11880.0 11847.1   177.8   179.2   210.1   196.4
 45221   11.2965  49.5285 11879.7 11847.0   177.9   179.3   210.2   196.4
 45222   11.2965  49.5266 11879.5 11846.7   177.9   179.3   210.3   196.5
 45223   11.2965  49.5248 11879.3 11846.2   177.9   179.3   210.3   196.4
 45224   11.2964  49.5229 11879.1 11846.1   177.9   179.3   210.3   196.4
 45225   11.2963  49.5210 11878.8 11845.9   177.9   179.4   210.4   196.3
 45226   11.2963  49.5192 11878.6 11845.6   178.0   179.4   210.4   196.2
 45227   11.2963  49.5173 11878.4 11845.3   178.0   179.4   210.5   196.2
 45228   11.2963  49.5155 11878.3 11845.9   178.0   179.5   210.5   196.4
 45229   11.2963  49.5136 11878.2 11845.9   178.0   179.6   210.5   196.4
 45230   11.2963  49.5119 11878.2 11845.9   178.0   179.6   210.5   196.3
 45231   11.2962  49.5098 11878.2 11845.9   178.0   179.6   210.5   196.2
 45232   11.2962  49.5080 11878.2 11845.9   178.1   179.6   210.6   196.1
 45233   11.2962  49.5061 11878.3 11846.2   178.1   179.7   210.7   196.1
 45234   11.2962  49.5042 11878.5 11846.3   178.1   179.6   210.7   196.1
 45235   11.2962  49.5024 11878.6 11846.8   178.1   179.7   210.7   196.1
 45236   11.2962  49.5005 11878.7 11846.8   178.1   179.9   210.7   196.0
 45237   11.2961  49.4987 11878.7 11846.9   178.1   179.9   210.8   195.8
 45238   11.2960  49.4968 11878.7 11847.1   178.1   180.0   210.8   195.7
 45239   11.2960  49.4949 11878.7 11847.1   178.1   180.0   210.9   195.5
 45240   11.2960  49.4932 11878.6 11847.0   178.1   180.1   210.9   195.2
 45241   11.2960  49.4912 11878.5 11846.8   178.1   180.1   211.0   195.0
 45242   11.2960  49.4893 11878.3 11846.8   178.1   180.2   211.1   194.9
 45243   11.2960  49.4874 11878.2 11846.4   178.1   180.2   211.1   194.8
 45244   11.2960  49.4856 11878.1 11846.2   178.1   180.3   211.2   194.8
 45245   11.2960  49.4837 11878.0 11846.2   178.1   180.3   211.2   194.7
 45246   11.2958  49.4818 11878.0 11846.3   178.1   180.4   211.2   194.7
 45247   11.2958  49.4800 11877.9 11846.8   178.1   180.4   211.3   194.8
 45248   11.2958  49.4780 11877.9 11846.8   178.1   180.3   211.3   194.5
 45249   11.2958  49.4762 11877.9 11846.2   178.1   180.2   211.4   194.5
 45250   11.2958  49.4745 11877.9 11846.7   178.0   180.4   211.4   194.7
 45251   11.2958  49.4724 11877.8 11847.0   178.1   180.4   211.5   194.6
 45252   11.2958  49.4705 11877.5 11847.1   178.1   180.4   211.5   194.4
 45253   11.2958  49.4687 11877.3 11847.1   178.1   180.3   211.6   194.5
 45254   11.2958  49.4668 11877.0 11846.8   178.1   180.3   211.6   194.7
 45255   11.2958  49.4649 11876.6 11846.8   178.1   180.3   211.7   194.6
 45256   11.2958  49.4630 11876.0 11846.8   178.1   180.2   211.8   194.5
 45257   11.2957  49.4611 11874.8 11846.8   178.1   180.3   211.9   194.8
 45258   11.2957  49.4593 11872.8 11847.1   178.1   180.4   212.1   194.9
 45259   11.2957  49.4573 11869.7 11847.1   178.1   180.3   212.4   195.3
 45260   11.2957  49.4556 11865.4 11846.0   178.1   180.3   212.8   195.7
 45261   11.2957  49.4535 11860.0 11841.6   178.1   180.3   213.1   196.1
 45262   11.2957  49.4516 11853.5 11834.9   178.1   180.4   213.5   196.6
 45263   11.2957  49.4497 11846.0 11826.6   178.1   180.5   213.8   197.0
 45264   11.2957  49.4478 11837.8 11817.2   178.1   180.6   214.1   197.4
 45265   11.2957  49.4459 11828.9 11806.7   178.1   180.7   214.5   197.7
 45266   11.2957  49.4440 11819.5 11795.6   178.2   180.7   214.8   198.1
 45267   11.2957  49.4420 11809.7 11784.0   178.2   180.7   215.2   198.7
 45268   11.2957  49.4401 11799.9 11772.5   178.1   180.8   215.5   199.1
